1 1
2 1
3 1
4 1
5 1
6 1
7 1
8 1
9 1
1 2
1 1
2 1
3 1
4 1
5 1
6 1
7 1
8 1
9 1
1 3
1 2
1 1
2 1
3 1
4 1
5 1
6 1
7 1
8 1
9 1
1 5
2 5
3 5
4 5
5 5
6 5
7 5
8 5
8 4
8 3
7 3
6 3
5 3
4 3
3 3
2 3
1 3
1 2
1 1
2 1
3 1
4 1
5 1
6 1
7 1
8 1
9 1
1 6
2 6
3 6
4 6
5 6
5 5
6 5
7 5
8 5
8 4
8 3
7 3
6 3
5 3
4 3
3 3
2 3
1 3
1 2
1 1
2 1
3 1
4 1
5 1
6 1
7 1
8 1
9 1
1 7
2 7
3 7
4 7
5 7
5 6
5 5
6 5
7 5
8 5
8 4
8 3
7 3
6 3
5 3
4 3
3 3
2 3
1 3
1 2
1 1
2 1
3 1
4 1
5 1
6 1
7 1
8 1
9 1
1 8
2 8
3 8
4 8
5 8
5 7
5 6
5 5
6 5
7 5
8 5
8 4
8 3
7 3
6 3
5 3
4 3
3 3
2 3
1 3
1 2
1 1
2 1
3 1
4 1
5 1
6 1
7 1
8 1
9 1
6 7
5 7
5 6
5 5
6 5
7 5
8 5
8 4
8 3
7 3
6 3
5 3
4 3
3 3
2 3
1 3
1 2
1 1
2 1
3 1
4 1
5 1
6 1
7 1
8 1
9 1
6 8
5 8
5 7
5 6
5 5
6 5
7 5
8 5
8 4
8 3
7 3
6 3
5 3
4 3
3 3
2 3
1 3
1 2
1 1
2 1
3 1
4 1
5 1
6 1
7 1
8 1
9 1
7 7
6 7
5 7
5 6
5 5
6 5
7 5
8 5
8 4
8 3
7 3
6 3
5 3
4 3
3 3
2 3
1 3
1 2
1 1
2 1
3 1
4 1
5 1
6 1
7 1
8 1
9 1
7 8
6 8
5 8
5 7
5 6
5 5
6 5
7 5
8 5
8 4
8 3
7 3
6 3
5 3
4 3
3 3
2 3
1 3
1 2
1 1
2 1
3 1
4 1
5 1
6 1
7 1
8 1
9 1
8 7
7 7
6 7
5 7
5 6
5 5
6 5
7 5
8 5
8 4
8 3
7 3
6 3
5 3
4 3
3 3
2 3
1 3
1 2
1 1
2 1
3 1
4 1
5 1
6 1
7 1
8 1
9 1
8 8
7 8
6 8
5 8
5 7
5 6
5 5
6 5
7 5
8 5
8 4
8 3
7 3
6 3
5 3
4 3
3 3
2 3
1 3
1 2
1 1
2 1
3 1
4 1
5 1
6 1
7 1
8 1
9 1
1111111111
1ccc1cccc1
1c1c1cccc1
1c1c1cccc1
1c1c1cccc1
1c1c1cccc1
1c1c1c1cc1
1c1c1c1cc1
1c1ccc1cc1
1c11111111
